1.000000000000000021e-03 2.820000000000000000e+02
3.000000000000000062e-03 2.590000000000000000e+02
5.000000000000000104e-03 2.710000000000000000e+02
7.000000000000000146e-03 2.580000000000000000e+02
9.000000000000001055e-03 2.800000000000000000e+02
1.099999999999999936e-02 2.590000000000000000e+02
1.300000000000000114e-02 2.600000000000000000e+02
1.499999999999999944e-02 2.890000000000000000e+02
1.700000000000000122e-02 2.550000000000000000e+02
1.900000000000000300e-02 2.840000000000000000e+02
2.099999999999999784e-02 2.640000000000000000e+02
2.299999999999999961e-02 2.540000000000000000e+02
2.500000000000000139e-02 2.710000000000000000e+02
2.700000000000000316e-02 2.680000000000000000e+02
2.899999999999999800e-02 2.460000000000000000e+02
3.099999999999999978e-02 2.460000000000000000e+02
3.300000000000000155e-02 2.730000000000000000e+02
3.500000000000000333e-02 2.420000000000000000e+02
3.700000000000000511e-02 2.900000000000000000e+02
3.899999999999999994e-02 2.820000000000000000e+02
4.100000000000000172e-02 2.670000000000000000e+02
4.299999999999999656e-02 2.680000000000000000e+02
4.499999999999999833e-02 2.580000000000000000e+02
4.700000000000000011e-02 2.630000000000000000e+02
4.900000000000000189e-02 2.720000000000000000e+02
5.100000000000000366e-02 2.850000000000000000e+02
5.300000000000000544e-02 2.370000000000000000e+02
5.500000000000000028e-02 2.660000000000000000e+02
5.700000000000000205e-02 2.640000000000000000e+02
5.899999999999999689e-02 2.780000000000000000e+02
6.099999999999999867e-02 2.670000000000000000e+02
6.300000000000000044e-02 2.680000000000000000e+02
6.500000000000000222e-02 2.750000000000000000e+02
6.700000000000000400e-02 2.880000000000000000e+02
6.900000000000000577e-02 2.660000000000000000e+02
7.100000000000000755e-02 2.680000000000000000e+02
7.300000000000000933e-02 2.750000000000000000e+02
7.499999999999999722e-02 2.490000000000000000e+02
7.699999999999999900e-02 2.530000000000000000e+02
7.900000000000000078e-02 2.770000000000000000e+02
8.100000000000000255e-02 2.610000000000000000e+02
8.300000000000000433e-02 2.760000000000000000e+02
8.500000000000000611e-02 2.880000000000000000e+02
8.699999999999999400e-02 2.570000000000000000e+02
8.899999999999999578e-02 2.770000000000000000e+02
9.099999999999999756e-02 3.000000000000000000e+02
9.299999999999999933e-02 2.720000000000000000e+02
9.500000000000000111e-02 2.750000000000000000e+02
9.700000000000000289e-02 2.780000000000000000e+02
9.900000000000000466e-02 3.240000000000000000e+02
1.010000000000000064e-01 3.090000000000000000e+02
1.030000000000000082e-01 2.960000000000000000e+02
1.050000000000000100e-01 3.280000000000000000e+02
1.069999999999999979e-01 3.400000000000000000e+02
1.089999999999999997e-01 3.730000000000000000e+02
1.110000000000000014e-01 3.670000000000000000e+02
1.130000000000000032e-01 3.910000000000000000e+02
1.150000000000000050e-01 4.150000000000000000e+02
1.170000000000000068e-01 5.250000000000000000e+02
1.189999999999999947e-01 5.270000000000000000e+02
1.209999999999999964e-01 6.140000000000000000e+02
1.229999999999999982e-01 6.200000000000000000e+02
1.250000000000000000e-01 7.170000000000000000e+02
1.270000000000000018e-01 8.300000000000000000e+02
1.290000000000000036e-01 8.530000000000000000e+02
1.310000000000000053e-01 1.032000000000000000e+03
1.330000000000000071e-01 1.014000000000000000e+03
1.350000000000000089e-01 1.211000000000000000e+03
1.370000000000000107e-01 1.349000000000000000e+03
1.390000000000000124e-01 1.449000000000000000e+03
1.410000000000000142e-01 1.603000000000000000e+03
1.430000000000000160e-01 1.743000000000000000e+03
1.450000000000000178e-01 2.002000000000000000e+03
1.469999999999999918e-01 2.205000000000000000e+03
1.489999999999999936e-01 2.422000000000000000e+03
1.509999999999999953e-01 2.843000000000000000e+03
1.529999999999999971e-01 3.342000000000000000e+03
1.549999999999999989e-01 3.798000000000000000e+03
1.570000000000000007e-01 4.621000000000000000e+03
1.590000000000000024e-01 5.285000000000000000e+03
1.610000000000000042e-01 6.307000000000000000e+03
1.630000000000000060e-01 7.507000000000000000e+03
1.650000000000000078e-01 8.808000000000000000e+03
1.670000000000000095e-01 9.936000000000000000e+03
1.690000000000000113e-01 1.012200000000000000e+04
1.710000000000000131e-01 9.598000000000000000e+03
1.730000000000000149e-01 8.411000000000000000e+03
1.749999999999999889e-01 7.278000000000000000e+03
1.769999999999999907e-01 6.353000000000000000e+03
1.789999999999999925e-01 5.527000000000000000e+03
1.809999999999999942e-01 5.014000000000000000e+03
1.829999999999999960e-01 4.588000000000000000e+03
1.849999999999999978e-01 4.117000000000000000e+03
1.869999999999999996e-01 3.948000000000000000e+03
1.890000000000000013e-01 3.672000000000000000e+03
1.910000000000000031e-01 3.517000000000000000e+03
1.930000000000000049e-01 3.453000000000000000e+03
1.950000000000000067e-01 3.327000000000000000e+03
1.970000000000000084e-01 3.208000000000000000e+03
1.990000000000000102e-01 3.237000000000000000e+03
2.010000000000000120e-01 3.194000000000000000e+03
2.030000000000000138e-01 3.189000000000000000e+03
2.050000000000000155e-01 3.224000000000000000e+03
2.070000000000000173e-01 3.146000000000000000e+03
2.090000000000000191e-01 2.945000000000000000e+03
2.109999999999999931e-01 3.045000000000000000e+03
2.129999999999999949e-01 3.045000000000000000e+03
2.149999999999999967e-01 3.063000000000000000e+03
2.169999999999999984e-01 2.981000000000000000e+03
2.190000000000000002e-01 3.009000000000000000e+03
2.210000000000000020e-01 2.920000000000000000e+03
2.230000000000000038e-01 2.855000000000000000e+03
2.250000000000000056e-01 2.849000000000000000e+03
2.270000000000000073e-01 2.872000000000000000e+03
2.290000000000000091e-01 2.914000000000000000e+03
2.310000000000000109e-01 2.965000000000000000e+03
2.330000000000000127e-01 2.923000000000000000e+03
2.350000000000000144e-01 2.953000000000000000e+03
2.370000000000000162e-01 2.892000000000000000e+03
2.389999999999999902e-01 2.956000000000000000e+03
2.409999999999999920e-01 2.997000000000000000e+03
2.429999999999999938e-01 2.834000000000000000e+03
2.449999999999999956e-01 3.041000000000000000e+03
2.469999999999999973e-01 3.042000000000000000e+03
2.489999999999999991e-01 3.084000000000000000e+03
2.510000000000000009e-01 3.199000000000000000e+03
2.530000000000000027e-01 3.146000000000000000e+03
2.550000000000000044e-01 3.181000000000000000e+03
2.570000000000000062e-01 3.282000000000000000e+03
2.590000000000000080e-01 3.299000000000000000e+03
2.610000000000000098e-01 3.331000000000000000e+03
2.630000000000000115e-01 3.328000000000000000e+03
2.650000000000000133e-01 3.338000000000000000e+03
2.670000000000000151e-01 3.430000000000000000e+03
2.690000000000000169e-01 3.434000000000000000e+03
2.710000000000000187e-01 3.599000000000000000e+03
2.730000000000000204e-01 3.587000000000000000e+03
2.750000000000000222e-01 3.610000000000000000e+03
2.770000000000000240e-01 3.639000000000000000e+03
2.790000000000000258e-01 3.582000000000000000e+03
2.810000000000000275e-01 3.700000000000000000e+03
2.830000000000000293e-01 3.829000000000000000e+03
2.850000000000000311e-01 3.659000000000000000e+03
2.870000000000000329e-01 3.694000000000000000e+03
2.890000000000000346e-01 3.688000000000000000e+03
2.909999999999999809e-01 3.642000000000000000e+03
2.929999999999999827e-01 3.728000000000000000e+03
2.949999999999999845e-01 3.776000000000000000e+03
2.969999999999999862e-01 3.736000000000000000e+03
2.989999999999999880e-01 3.588000000000000000e+03
3.009999999999999898e-01 3.623000000000000000e+03
3.029999999999999916e-01 3.650000000000000000e+03
3.049999999999999933e-01 3.606000000000000000e+03
3.069999999999999951e-01 3.546000000000000000e+03
3.089999999999999969e-01 3.536000000000000000e+03
3.109999999999999987e-01 3.552000000000000000e+03
3.130000000000000004e-01 3.429000000000000000e+03
3.150000000000000022e-01 3.384000000000000000e+03
3.170000000000000040e-01 3.280000000000000000e+03
3.190000000000000058e-01 3.299000000000000000e+03
3.210000000000000075e-01 3.266000000000000000e+03
3.230000000000000093e-01 3.261000000000000000e+03
3.250000000000000111e-01 3.217000000000000000e+03
3.270000000000000129e-01 3.272000000000000000e+03
3.290000000000000147e-01 3.105000000000000000e+03
3.310000000000000164e-01 3.130000000000000000e+03
3.330000000000000182e-01 3.067000000000000000e+03
3.350000000000000200e-01 2.935000000000000000e+03
3.370000000000000218e-01 2.827000000000000000e+03
3.390000000000000235e-01 2.806000000000000000e+03
3.410000000000000253e-01 2.825000000000000000e+03
3.430000000000000271e-01 2.896000000000000000e+03
3.450000000000000289e-01 2.811000000000000000e+03
3.470000000000000306e-01 2.792000000000000000e+03
3.490000000000000324e-01 2.832000000000000000e+03
3.509999999999999787e-01 2.712000000000000000e+03
3.529999999999999805e-01 2.638000000000000000e+03
3.549999999999999822e-01 2.504000000000000000e+03
3.569999999999999840e-01 2.400000000000000000e+03
3.589999999999999858e-01 2.448000000000000000e+03
3.609999999999999876e-01 2.436000000000000000e+03
3.629999999999999893e-01 2.229000000000000000e+03
3.649999999999999911e-01 2.212000000000000000e+03
3.669999999999999929e-01 2.353000000000000000e+03
3.689999999999999947e-01 2.285000000000000000e+03
3.709999999999999964e-01 2.310000000000000000e+03
3.729999999999999982e-01 2.314000000000000000e+03
3.750000000000000000e-01 2.331000000000000000e+03
3.770000000000000018e-01 2.305000000000000000e+03
3.790000000000000036e-01 2.317000000000000000e+03
3.810000000000000053e-01 2.279000000000000000e+03
3.830000000000000071e-01 2.307000000000000000e+03
3.850000000000000089e-01 2.301000000000000000e+03
3.870000000000000107e-01 2.274000000000000000e+03
3.890000000000000124e-01 2.346000000000000000e+03
3.910000000000000142e-01 2.297000000000000000e+03
3.930000000000000160e-01 2.227000000000000000e+03
3.950000000000000178e-01 2.177000000000000000e+03
3.970000000000000195e-01 2.089000000000000000e+03
3.990000000000000213e-01 2.153000000000000000e+03
4.010000000000000231e-01 2.148000000000000000e+03
4.030000000000000249e-01 2.049000000000000000e+03
4.050000000000000266e-01 2.003000000000000000e+03
4.070000000000000284e-01 2.081000000000000000e+03
4.090000000000000302e-01 2.008000000000000000e+03
4.110000000000000320e-01 1.936000000000000000e+03
4.130000000000000338e-01 2.016000000000000000e+03
4.150000000000000355e-01 1.911000000000000000e+03
4.170000000000000373e-01 1.922000000000000000e+03
4.189999999999999836e-01 1.924000000000000000e+03
4.209999999999999853e-01 1.810000000000000000e+03
4.229999999999999871e-01 1.798000000000000000e+03
4.249999999999999889e-01 1.743000000000000000e+03
4.269999999999999907e-01 1.730000000000000000e+03
4.289999999999999925e-01 1.821000000000000000e+03
4.309999999999999942e-01 1.787000000000000000e+03
4.329999999999999960e-01 1.816000000000000000e+03
4.349999999999999978e-01 1.866000000000000000e+03
4.369999999999999996e-01 1.756000000000000000e+03
4.390000000000000013e-01 1.775000000000000000e+03
4.410000000000000031e-01 1.756000000000000000e+03
4.430000000000000049e-01 1.639000000000000000e+03
4.450000000000000067e-01 1.595000000000000000e+03
4.470000000000000084e-01 1.626000000000000000e+03
4.490000000000000102e-01 1.574000000000000000e+03
4.510000000000000120e-01 1.602000000000000000e+03
4.530000000000000138e-01 1.590000000000000000e+03
4.550000000000000155e-01 1.528000000000000000e+03
4.570000000000000173e-01 1.509000000000000000e+03
4.590000000000000191e-01 1.416000000000000000e+03
4.610000000000000209e-01 1.530000000000000000e+03
4.630000000000000226e-01 1.422000000000000000e+03
4.650000000000000244e-01 1.504000000000000000e+03
4.670000000000000262e-01 1.487000000000000000e+03
4.690000000000000280e-01 1.467000000000000000e+03
4.710000000000000298e-01 1.495000000000000000e+03
4.730000000000000315e-01 1.431000000000000000e+03
4.750000000000000333e-01 1.558000000000000000e+03
4.770000000000000351e-01 1.497000000000000000e+03
4.789999999999999813e-01 1.557000000000000000e+03
4.809999999999999831e-01 1.552000000000000000e+03
4.829999999999999849e-01 1.608000000000000000e+03
4.849999999999999867e-01 1.559000000000000000e+03
4.869999999999999885e-01 1.682000000000000000e+03
4.889999999999999902e-01 1.688000000000000000e+03
4.909999999999999920e-01 1.695000000000000000e+03
4.929999999999999938e-01 1.814000000000000000e+03
4.949999999999999956e-01 1.712000000000000000e+03
4.969999999999999973e-01 1.825000000000000000e+03
4.989999999999999991e-01 1.884000000000000000e+03
5.010000000000000009e-01 1.901000000000000000e+03
5.030000000000000027e-01 2.007000000000000000e+03
5.050000000000000044e-01 2.027000000000000000e+03
5.070000000000000062e-01 2.109000000000000000e+03
5.090000000000000080e-01 2.135000000000000000e+03
5.110000000000000098e-01 2.145000000000000000e+03
5.130000000000000115e-01 2.215000000000000000e+03
5.150000000000000133e-01 2.347000000000000000e+03
5.170000000000000151e-01 2.419000000000000000e+03
5.190000000000000169e-01 2.445000000000000000e+03
5.210000000000000187e-01 2.495000000000000000e+03
5.230000000000000204e-01 2.616000000000000000e+03
5.250000000000000222e-01 2.717000000000000000e+03
5.270000000000000240e-01 2.752000000000000000e+03
5.290000000000000258e-01 2.845000000000000000e+03
5.310000000000000275e-01 2.823000000000000000e+03
5.330000000000000293e-01 3.104000000000000000e+03
5.350000000000000311e-01 3.077000000000000000e+03
5.370000000000000329e-01 3.224000000000000000e+03
5.390000000000000346e-01 3.289000000000000000e+03
5.410000000000000364e-01 3.533000000000000000e+03
5.430000000000000382e-01 3.471000000000000000e+03
5.450000000000000400e-01 3.628000000000000000e+03
5.470000000000000417e-01 3.848000000000000000e+03
5.490000000000000435e-01 3.947000000000000000e+03
5.510000000000000453e-01 4.264000000000000000e+03
5.530000000000000471e-01 4.282000000000000000e+03
5.550000000000000488e-01 4.349000000000000000e+03
5.570000000000000506e-01 4.639000000000000000e+03
5.590000000000000524e-01 4.840000000000000000e+03
5.610000000000000542e-01 5.019000000000000000e+03
5.630000000000000560e-01 5.286000000000000000e+03
5.650000000000000577e-01 5.725000000000000000e+03
5.670000000000000595e-01 5.922000000000000000e+03
5.690000000000000613e-01 6.102000000000000000e+03
5.710000000000000631e-01 6.409000000000000000e+03
5.730000000000000648e-01 6.869000000000000000e+03
5.750000000000000666e-01 7.159000000000000000e+03
5.769999999999999574e-01 7.674000000000000000e+03
5.789999999999999591e-01 8.331000000000000000e+03
5.809999999999999609e-01 8.654000000000000000e+03
5.829999999999999627e-01 9.111000000000000000e+03
5.849999999999999645e-01 9.845000000000000000e+03
5.869999999999999662e-01 1.054300000000000000e+04
5.889999999999999680e-01 1.127600000000000000e+04
5.909999999999999698e-01 1.195600000000000000e+04
5.929999999999999716e-01 1.244700000000000000e+04
5.949999999999999734e-01 1.295300000000000000e+04
5.969999999999999751e-01 1.310900000000000000e+04
5.989999999999999769e-01 1.302700000000000000e+04
6.009999999999999787e-01 1.218900000000000000e+04
6.029999999999999805e-01 1.110500000000000000e+04
6.049999999999999822e-01 9.271000000000000000e+03
6.069999999999999840e-01 7.701000000000000000e+03
6.089999999999999858e-01 6.287000000000000000e+03
6.109999999999999876e-01 5.222000000000000000e+03
6.129999999999999893e-01 4.230000000000000000e+03
6.149999999999999911e-01 3.681000000000000000e+03
6.169999999999999929e-01 3.155000000000000000e+03
6.189999999999999947e-01 2.646000000000000000e+03
6.209999999999999964e-01 2.276000000000000000e+03
6.229999999999999982e-01 2.068000000000000000e+03
6.250000000000000000e-01 1.844000000000000000e+03
6.270000000000000018e-01 1.632000000000000000e+03
6.290000000000000036e-01 1.421000000000000000e+03
6.310000000000000053e-01 1.294000000000000000e+03
6.330000000000000071e-01 1.177000000000000000e+03
6.350000000000000089e-01 1.063000000000000000e+03
6.370000000000000107e-01 9.760000000000000000e+02
6.390000000000000124e-01 8.710000000000000000e+02
6.410000000000000142e-01 8.030000000000000000e+02
6.430000000000000160e-01 6.980000000000000000e+02
6.450000000000000178e-01 6.570000000000000000e+02
6.470000000000000195e-01 6.230000000000000000e+02
6.490000000000000213e-01 5.710000000000000000e+02
6.510000000000000231e-01 5.720000000000000000e+02
6.530000000000000249e-01 5.180000000000000000e+02
6.550000000000000266e-01 5.120000000000000000e+02
6.570000000000000284e-01 4.480000000000000000e+02
6.590000000000000302e-01 4.500000000000000000e+02
6.610000000000000320e-01 4.250000000000000000e+02
6.630000000000000338e-01 4.160000000000000000e+02
6.650000000000000355e-01 4.030000000000000000e+02
6.670000000000000373e-01 3.940000000000000000e+02
6.690000000000000391e-01 3.660000000000000000e+02
6.710000000000000409e-01 3.770000000000000000e+02
6.730000000000000426e-01 4.080000000000000000e+02
6.750000000000000444e-01 3.410000000000000000e+02
6.770000000000000462e-01 3.600000000000000000e+02
6.790000000000000480e-01 3.650000000000000000e+02
6.810000000000000497e-01 2.900000000000000000e+02
6.830000000000000515e-01 3.180000000000000000e+02
6.850000000000000533e-01 2.990000000000000000e+02
6.870000000000000551e-01 3.160000000000000000e+02
6.890000000000000568e-01 3.070000000000000000e+02
6.910000000000000586e-01 2.990000000000000000e+02
6.930000000000000604e-01 2.980000000000000000e+02
6.950000000000000622e-01 3.210000000000000000e+02
6.970000000000000639e-01 3.270000000000000000e+02
6.990000000000000657e-01 2.840000000000000000e+02
7.010000000000000675e-01 2.930000000000000000e+02
7.030000000000000693e-01 2.990000000000000000e+02
7.049999999999999600e-01 2.900000000000000000e+02
7.069999999999999618e-01 2.620000000000000000e+02
7.089999999999999636e-01 2.600000000000000000e+02
7.109999999999999654e-01 2.710000000000000000e+02
7.129999999999999671e-01 2.720000000000000000e+02
7.149999999999999689e-01 2.900000000000000000e+02
7.169999999999999707e-01 2.970000000000000000e+02
7.189999999999999725e-01 2.840000000000000000e+02
7.209999999999999742e-01 3.050000000000000000e+02
7.229999999999999760e-01 2.800000000000000000e+02
7.249999999999999778e-01 2.920000000000000000e+02
7.269999999999999796e-01 2.980000000000000000e+02
7.289999999999999813e-01 2.600000000000000000e+02
7.309999999999999831e-01 2.690000000000000000e+02
7.329999999999999849e-01 2.820000000000000000e+02
7.349999999999999867e-01 2.500000000000000000e+02
7.369999999999999885e-01 2.520000000000000000e+02
7.389999999999999902e-01 2.710000000000000000e+02
7.409999999999999920e-01 2.620000000000000000e+02
7.429999999999999938e-01 2.990000000000000000e+02
7.449999999999999956e-01 3.010000000000000000e+02
7.469999999999999973e-01 2.820000000000000000e+02
7.489999999999999991e-01 2.720000000000000000e+02
7.510000000000000009e-01 2.600000000000000000e+02
7.530000000000000027e-01 2.820000000000000000e+02
7.550000000000000044e-01 2.830000000000000000e+02
7.570000000000000062e-01 2.590000000000000000e+02
7.590000000000000080e-01 2.670000000000000000e+02
7.610000000000000098e-01 2.590000000000000000e+02
7.630000000000000115e-01 2.780000000000000000e+02
7.650000000000000133e-01 2.790000000000000000e+02
7.670000000000000151e-01 2.640000000000000000e+02
7.690000000000000169e-01 2.900000000000000000e+02
7.710000000000000187e-01 2.400000000000000000e+02
7.730000000000000204e-01 2.730000000000000000e+02
7.750000000000000222e-01 2.760000000000000000e+02
7.770000000000000240e-01 2.940000000000000000e+02
7.790000000000000258e-01 2.690000000000000000e+02
7.810000000000000275e-01 2.560000000000000000e+02
7.830000000000000293e-01 2.860000000000000000e+02
7.850000000000000311e-01 2.710000000000000000e+02
7.870000000000000329e-01 2.920000000000000000e+02
7.890000000000000346e-01 2.710000000000000000e+02
7.910000000000000364e-01 2.940000000000000000e+02
7.930000000000000382e-01 2.520000000000000000e+02
7.950000000000000400e-01 2.530000000000000000e+02
7.970000000000000417e-01 2.560000000000000000e+02
7.990000000000000435e-01 2.870000000000000000e+02
8.010000000000000453e-01 2.840000000000000000e+02
8.030000000000000471e-01 2.570000000000000000e+02
8.050000000000000488e-01 2.540000000000000000e+02
8.070000000000000506e-01 2.870000000000000000e+02
8.090000000000000524e-01 2.540000000000000000e+02
8.110000000000000542e-01 2.650000000000000000e+02
8.130000000000000560e-01 2.510000000000000000e+02
8.150000000000000577e-01 2.920000000000000000e+02
8.170000000000000595e-01 3.070000000000000000e+02
8.190000000000000613e-01 2.890000000000000000e+02
8.210000000000000631e-01 2.640000000000000000e+02
8.230000000000000648e-01 2.730000000000000000e+02
8.250000000000000666e-01 2.990000000000000000e+02
8.270000000000000684e-01 2.690000000000000000e+02
8.290000000000000702e-01 2.500000000000000000e+02
8.310000000000000719e-01 2.490000000000000000e+02
8.329999999999999627e-01 2.860000000000000000e+02
8.349999999999999645e-01 2.960000000000000000e+02
8.369999999999999662e-01 2.420000000000000000e+02
8.389999999999999680e-01 2.410000000000000000e+02
8.409999999999999698e-01 2.780000000000000000e+02
8.429999999999999716e-01 2.890000000000000000e+02
8.449999999999999734e-01 2.590000000000000000e+02
8.469999999999999751e-01 2.730000000000000000e+02
8.489999999999999769e-01 2.690000000000000000e+02
8.509999999999999787e-01 2.810000000000000000e+02
8.529999999999999805e-01 2.640000000000000000e+02
8.549999999999999822e-01 2.810000000000000000e+02
8.569999999999999840e-01 2.870000000000000000e+02
8.589999999999999858e-01 2.400000000000000000e+02
8.609999999999999876e-01 2.520000000000000000e+02
8.629999999999999893e-01 2.840000000000000000e+02
8.649999999999999911e-01 2.970000000000000000e+02
8.669999999999999929e-01 2.930000000000000000e+02
8.689999999999999947e-01 2.830000000000000000e+02
8.709999999999999964e-01 2.600000000000000000e+02
8.729999999999999982e-01 2.870000000000000000e+02
8.750000000000000000e-01 2.710000000000000000e+02
8.770000000000000018e-01 2.620000000000000000e+02
8.790000000000000036e-01 2.650000000000000000e+02
8.810000000000000053e-01 2.860000000000000000e+02
8.830000000000000071e-01 2.820000000000000000e+02
8.850000000000000089e-01 2.670000000000000000e+02
8.870000000000000107e-01 2.530000000000000000e+02
8.890000000000000124e-01 2.600000000000000000e+02
8.910000000000000142e-01 2.580000000000000000e+02
8.930000000000000160e-01 2.310000000000000000e+02
8.950000000000000178e-01 2.650000000000000000e+02
8.970000000000000195e-01 2.280000000000000000e+02
8.990000000000000213e-01 2.640000000000000000e+02
9.010000000000000231e-01 2.490000000000000000e+02
9.030000000000000249e-01 2.550000000000000000e+02
9.050000000000000266e-01 2.730000000000000000e+02
9.070000000000000284e-01 2.730000000000000000e+02
9.090000000000000302e-01 2.400000000000000000e+02
9.110000000000000320e-01 2.600000000000000000e+02
9.130000000000000338e-01 2.700000000000000000e+02
9.150000000000000355e-01 2.740000000000000000e+02
9.170000000000000373e-01 2.500000000000000000e+02
9.190000000000000391e-01 2.580000000000000000e+02
9.210000000000000409e-01 2.740000000000000000e+02
9.230000000000000426e-01 2.580000000000000000e+02
9.250000000000000444e-01 2.710000000000000000e+02
9.270000000000000462e-01 2.610000000000000000e+02
9.290000000000000480e-01 2.590000000000000000e+02
9.310000000000000497e-01 2.690000000000000000e+02
9.330000000000000515e-01 2.730000000000000000e+02
9.350000000000000533e-01 2.580000000000000000e+02
9.370000000000000551e-01 2.620000000000000000e+02
9.390000000000000568e-01 2.640000000000000000e+02
9.410000000000000586e-01 2.680000000000000000e+02
9.430000000000000604e-01 2.600000000000000000e+02
9.450000000000000622e-01 2.710000000000000000e+02
9.470000000000000639e-01 2.530000000000000000e+02
9.490000000000000657e-01 2.750000000000000000e+02
9.510000000000000675e-01 2.520000000000000000e+02
9.530000000000000693e-01 2.540000000000000000e+02
9.550000000000000711e-01 2.510000000000000000e+02
9.570000000000000728e-01 2.780000000000000000e+02
9.590000000000000746e-01 2.760000000000000000e+02
9.609999999999999654e-01 2.750000000000000000e+02
9.629999999999999671e-01 2.730000000000000000e+02
9.649999999999999689e-01 2.640000000000000000e+02
9.669999999999999707e-01 2.540000000000000000e+02
9.689999999999999725e-01 2.720000000000000000e+02
9.709999999999999742e-01 2.600000000000000000e+02
9.729999999999999760e-01 2.540000000000000000e+02
9.749999999999999778e-01 2.750000000000000000e+02
9.769999999999999796e-01 2.680000000000000000e+02
9.789999999999999813e-01 2.770000000000000000e+02
9.809999999999999831e-01 2.790000000000000000e+02
9.829999999999999849e-01 3.110000000000000000e+02
9.849999999999999867e-01 2.650000000000000000e+02
9.869999999999999885e-01 2.560000000000000000e+02
9.889999999999999902e-01 2.610000000000000000e+02
9.909999999999999920e-01 2.690000000000000000e+02
9.929999999999999938e-01 2.750000000000000000e+02
9.949999999999999956e-01 2.340000000000000000e+02
9.969999999999999973e-01 2.950000000000000000e+02
9.989999999999999991e-01 2.690000000000000000e+02
1.000999999999999890e+00 2.820000000000000000e+02
1.003000000000000114e+00 2.590000000000000000e+02
1.004999999999999893e+00 2.710000000000000000e+02
1.007000000000000117e+00 2.580000000000000000e+02
1.008999999999999897e+00 2.800000000000000000e+02
1.011000000000000121e+00 2.590000000000000000e+02
1.012999999999999901e+00 2.600000000000000000e+02
1.015000000000000124e+00 2.890000000000000000e+02
1.016999999999999904e+00 2.550000000000000000e+02
1.019000000000000128e+00 2.840000000000000000e+02
1.020999999999999908e+00 2.640000000000000000e+02
1.023000000000000131e+00 2.540000000000000000e+02
1.024999999999999911e+00 2.710000000000000000e+02
1.027000000000000135e+00 2.680000000000000000e+02
1.028999999999999915e+00 2.460000000000000000e+02
1.031000000000000139e+00 2.460000000000000000e+02
1.032999999999999918e+00 2.730000000000000000e+02
1.035000000000000142e+00 2.420000000000000000e+02
1.036999999999999922e+00 2.900000000000000000e+02
1.039000000000000146e+00 2.820000000000000000e+02
1.040999999999999925e+00 2.670000000000000000e+02
1.043000000000000149e+00 2.680000000000000000e+02
1.044999999999999929e+00 2.580000000000000000e+02
1.047000000000000153e+00 2.630000000000000000e+02
1.048999999999999932e+00 2.720000000000000000e+02
1.051000000000000156e+00 2.850000000000000000e+02
1.052999999999999936e+00 2.370000000000000000e+02
1.055000000000000160e+00 2.660000000000000000e+02
1.056999999999999940e+00 2.640000000000000000e+02
1.059000000000000163e+00 2.780000000000000000e+02
1.060999999999999943e+00 2.670000000000000000e+02
1.063000000000000167e+00 2.680000000000000000e+02
1.064999999999999947e+00 2.750000000000000000e+02
1.067000000000000171e+00 2.880000000000000000e+02
1.068999999999999950e+00 2.660000000000000000e+02
1.071000000000000174e+00 2.680000000000000000e+02
1.072999999999999954e+00 2.750000000000000000e+02
1.075000000000000178e+00 2.490000000000000000e+02
1.076999999999999957e+00 2.530000000000000000e+02
1.079000000000000181e+00 2.770000000000000000e+02
1.080999999999999961e+00 2.610000000000000000e+02
1.083000000000000185e+00 2.760000000000000000e+02
1.084999999999999964e+00 2.880000000000000000e+02
1.087000000000000188e+00 2.570000000000000000e+02
1.088999999999999968e+00 2.770000000000000000e+02
1.091000000000000192e+00 3.000000000000000000e+02
1.092999999999999972e+00 2.720000000000000000e+02
1.095000000000000195e+00 2.750000000000000000e+02
1.096999999999999975e+00 2.780000000000000000e+02
1.099000000000000199e+00 3.240000000000000000e+02
1.100999999999999979e+00 3.090000000000000000e+02
1.103000000000000203e+00 2.960000000000000000e+02
1.104999999999999982e+00 3.280000000000000000e+02
1.107000000000000206e+00 3.400000000000000000e+02
1.108999999999999986e+00 3.730000000000000000e+02
1.111000000000000210e+00 3.670000000000000000e+02
1.112999999999999989e+00 3.910000000000000000e+02
1.115000000000000213e+00 4.150000000000000000e+02
1.116999999999999993e+00 5.250000000000000000e+02
1.119000000000000217e+00 5.270000000000000000e+02
1.120999999999999996e+00 6.140000000000000000e+02
1.122999999999999998e+00 6.200000000000000000e+02
1.125000000000000000e+00 7.170000000000000000e+02
1.127000000000000002e+00 8.300000000000000000e+02
1.129000000000000004e+00 8.530000000000000000e+02
1.131000000000000005e+00 1.032000000000000000e+03
1.133000000000000007e+00 1.014000000000000000e+03
1.135000000000000009e+00 1.211000000000000000e+03
1.137000000000000011e+00 1.349000000000000000e+03
1.139000000000000012e+00 1.449000000000000000e+03
1.141000000000000014e+00 1.603000000000000000e+03
1.143000000000000016e+00 1.743000000000000000e+03
1.145000000000000018e+00 2.002000000000000000e+03
1.146999999999999797e+00 2.205000000000000000e+03
1.149000000000000021e+00 2.422000000000000000e+03
1.150999999999999801e+00 2.843000000000000000e+03
1.153000000000000025e+00 3.342000000000000000e+03
1.154999999999999805e+00 3.798000000000000000e+03
1.157000000000000028e+00 4.621000000000000000e+03
1.158999999999999808e+00 5.285000000000000000e+03
1.161000000000000032e+00 6.307000000000000000e+03
1.162999999999999812e+00 7.507000000000000000e+03
1.165000000000000036e+00 8.808000000000000000e+03
1.166999999999999815e+00 9.936000000000000000e+03
1.169000000000000039e+00 1.012200000000000000e+04
1.170999999999999819e+00 9.598000000000000000e+03
1.173000000000000043e+00 8.411000000000000000e+03
1.174999999999999822e+00 7.278000000000000000e+03
1.177000000000000046e+00 6.353000000000000000e+03
1.178999999999999826e+00 5.527000000000000000e+03
1.181000000000000050e+00 5.014000000000000000e+03
1.182999999999999829e+00 4.588000000000000000e+03
1.185000000000000053e+00 4.117000000000000000e+03
1.186999999999999833e+00 3.948000000000000000e+03
1.189000000000000057e+00 3.672000000000000000e+03
1.190999999999999837e+00 3.517000000000000000e+03
1.193000000000000060e+00 3.453000000000000000e+03
1.194999999999999840e+00 3.327000000000000000e+03
1.197000000000000064e+00 3.208000000000000000e+03
1.198999999999999844e+00 3.237000000000000000e+03
1.201000000000000068e+00 3.194000000000000000e+03
1.202999999999999847e+00 3.189000000000000000e+03
1.205000000000000071e+00 3.224000000000000000e+03
1.206999999999999851e+00 3.146000000000000000e+03
1.209000000000000075e+00 2.945000000000000000e+03
1.210999999999999854e+00 3.045000000000000000e+03
1.213000000000000078e+00 3.045000000000000000e+03
1.214999999999999858e+00 3.063000000000000000e+03
1.217000000000000082e+00 2.981000000000000000e+03
1.218999999999999861e+00 3.009000000000000000e+03
1.221000000000000085e+00 2.920000000000000000e+03
1.222999999999999865e+00 2.855000000000000000e+03
1.225000000000000089e+00 2.849000000000000000e+03
1.226999999999999869e+00 2.872000000000000000e+03
1.229000000000000092e+00 2.914000000000000000e+03
1.230999999999999872e+00 2.965000000000000000e+03
1.233000000000000096e+00 2.923000000000000000e+03
1.234999999999999876e+00 2.953000000000000000e+03
1.237000000000000099e+00 2.892000000000000000e+03
1.238999999999999879e+00 2.956000000000000000e+03
1.241000000000000103e+00 2.997000000000000000e+03
1.242999999999999883e+00 2.834000000000000000e+03
1.245000000000000107e+00 3.041000000000000000e+03
1.246999999999999886e+00 3.042000000000000000e+03
1.249000000000000110e+00 3.084000000000000000e+03
1.250999999999999890e+00 3.199000000000000000e+03
1.253000000000000114e+00 3.146000000000000000e+03
1.254999999999999893e+00 3.181000000000000000e+03
1.257000000000000117e+00 3.282000000000000000e+03
1.258999999999999897e+00 3.299000000000000000e+03
1.261000000000000121e+00 3.331000000000000000e+03
1.262999999999999901e+00 3.328000000000000000e+03
1.265000000000000124e+00 3.338000000000000000e+03
1.266999999999999904e+00 3.430000000000000000e+03
1.269000000000000128e+00 3.434000000000000000e+03
1.270999999999999908e+00 3.599000000000000000e+03
1.273000000000000131e+00 3.587000000000000000e+03
1.274999999999999911e+00 3.610000000000000000e+03
1.277000000000000135e+00 3.639000000000000000e+03
1.278999999999999915e+00 3.582000000000000000e+03
1.281000000000000139e+00 3.700000000000000000e+03
1.282999999999999918e+00 3.829000000000000000e+03
1.285000000000000142e+00 3.659000000000000000e+03
1.286999999999999922e+00 3.694000000000000000e+03
1.289000000000000146e+00 3.688000000000000000e+03
1.290999999999999925e+00 3.642000000000000000e+03
1.293000000000000149e+00 3.728000000000000000e+03
1.294999999999999929e+00 3.776000000000000000e+03
1.297000000000000153e+00 3.736000000000000000e+03
1.298999999999999932e+00 3.588000000000000000e+03
1.301000000000000156e+00 3.623000000000000000e+03
1.302999999999999936e+00 3.650000000000000000e+03
1.305000000000000160e+00 3.606000000000000000e+03
1.306999999999999940e+00 3.546000000000000000e+03
1.309000000000000163e+00 3.536000000000000000e+03
1.310999999999999943e+00 3.552000000000000000e+03
1.313000000000000167e+00 3.429000000000000000e+03
1.314999999999999947e+00 3.384000000000000000e+03
1.317000000000000171e+00 3.280000000000000000e+03
1.318999999999999950e+00 3.299000000000000000e+03
1.321000000000000174e+00 3.266000000000000000e+03
1.322999999999999954e+00 3.261000000000000000e+03
1.325000000000000178e+00 3.217000000000000000e+03
1.326999999999999957e+00 3.272000000000000000e+03
1.329000000000000181e+00 3.105000000000000000e+03
1.330999999999999961e+00 3.130000000000000000e+03
1.333000000000000185e+00 3.067000000000000000e+03
1.334999999999999964e+00 2.935000000000000000e+03
1.337000000000000188e+00 2.827000000000000000e+03
1.338999999999999968e+00 2.806000000000000000e+03
1.341000000000000192e+00 2.825000000000000000e+03
1.342999999999999972e+00 2.896000000000000000e+03
1.345000000000000195e+00 2.811000000000000000e+03
1.346999999999999975e+00 2.792000000000000000e+03
1.349000000000000199e+00 2.832000000000000000e+03
1.350999999999999979e+00 2.712000000000000000e+03
1.352999999999999980e+00 2.638000000000000000e+03
1.354999999999999982e+00 2.504000000000000000e+03
1.356999999999999984e+00 2.400000000000000000e+03
1.358999999999999986e+00 2.448000000000000000e+03
1.360999999999999988e+00 2.436000000000000000e+03
1.362999999999999989e+00 2.229000000000000000e+03
1.364999999999999991e+00 2.212000000000000000e+03
1.366999999999999993e+00 2.353000000000000000e+03
1.368999999999999995e+00 2.285000000000000000e+03
1.370999999999999996e+00 2.310000000000000000e+03
1.372999999999999998e+00 2.314000000000000000e+03
1.375000000000000000e+00 2.331000000000000000e+03
1.377000000000000002e+00 2.305000000000000000e+03
1.379000000000000004e+00 2.317000000000000000e+03
1.381000000000000005e+00 2.279000000000000000e+03
1.383000000000000007e+00 2.307000000000000000e+03
1.385000000000000009e+00 2.301000000000000000e+03
1.387000000000000011e+00 2.274000000000000000e+03
1.389000000000000012e+00 2.346000000000000000e+03
1.391000000000000014e+00 2.297000000000000000e+03
1.393000000000000016e+00 2.227000000000000000e+03
1.395000000000000018e+00 2.177000000000000000e+03
1.397000000000000020e+00 2.089000000000000000e+03
1.399000000000000021e+00 2.153000000000000000e+03
1.401000000000000023e+00 2.148000000000000000e+03
1.403000000000000025e+00 2.049000000000000000e+03
1.405000000000000027e+00 2.003000000000000000e+03
1.407000000000000028e+00 2.081000000000000000e+03
1.409000000000000030e+00 2.008000000000000000e+03
1.411000000000000032e+00 1.936000000000000000e+03
1.413000000000000034e+00 2.016000000000000000e+03
1.415000000000000036e+00 1.911000000000000000e+03
1.416999999999999815e+00 1.922000000000000000e+03
1.419000000000000039e+00 1.924000000000000000e+03
1.420999999999999819e+00 1.810000000000000000e+03
1.423000000000000043e+00 1.798000000000000000e+03
1.424999999999999822e+00 1.743000000000000000e+03
1.427000000000000046e+00 1.730000000000000000e+03
1.428999999999999826e+00 1.821000000000000000e+03
1.431000000000000050e+00 1.787000000000000000e+03
1.432999999999999829e+00 1.816000000000000000e+03
1.435000000000000053e+00 1.866000000000000000e+03
1.436999999999999833e+00 1.756000000000000000e+03
1.439000000000000057e+00 1.775000000000000000e+03
1.440999999999999837e+00 1.756000000000000000e+03
1.443000000000000060e+00 1.639000000000000000e+03
1.444999999999999840e+00 1.595000000000000000e+03
1.447000000000000064e+00 1.626000000000000000e+03
1.448999999999999844e+00 1.574000000000000000e+03
1.451000000000000068e+00 1.602000000000000000e+03
1.452999999999999847e+00 1.590000000000000000e+03
1.455000000000000071e+00 1.528000000000000000e+03
1.456999999999999851e+00 1.509000000000000000e+03
1.459000000000000075e+00 1.416000000000000000e+03
1.460999999999999854e+00 1.530000000000000000e+03
1.463000000000000078e+00 1.422000000000000000e+03
1.464999999999999858e+00 1.504000000000000000e+03
1.467000000000000082e+00 1.487000000000000000e+03
1.468999999999999861e+00 1.467000000000000000e+03
1.471000000000000085e+00 1.495000000000000000e+03
1.472999999999999865e+00 1.431000000000000000e+03
1.475000000000000089e+00 1.558000000000000000e+03
1.476999999999999869e+00 1.497000000000000000e+03
1.479000000000000092e+00 1.557000000000000000e+03
1.480999999999999872e+00 1.552000000000000000e+03
1.483000000000000096e+00 1.608000000000000000e+03
1.484999999999999876e+00 1.559000000000000000e+03
1.487000000000000099e+00 1.682000000000000000e+03
1.488999999999999879e+00 1.688000000000000000e+03
1.491000000000000103e+00 1.695000000000000000e+03
1.492999999999999883e+00 1.814000000000000000e+03
1.495000000000000107e+00 1.712000000000000000e+03
1.496999999999999886e+00 1.825000000000000000e+03
1.499000000000000110e+00 1.884000000000000000e+03
1.500999999999999890e+00 1.901000000000000000e+03
1.503000000000000114e+00 2.007000000000000000e+03
1.504999999999999893e+00 2.027000000000000000e+03
1.507000000000000117e+00 2.109000000000000000e+03
1.508999999999999897e+00 2.135000000000000000e+03
1.511000000000000121e+00 2.145000000000000000e+03
1.512999999999999901e+00 2.215000000000000000e+03
1.515000000000000124e+00 2.347000000000000000e+03
1.516999999999999904e+00 2.419000000000000000e+03
1.519000000000000128e+00 2.445000000000000000e+03
1.520999999999999908e+00 2.495000000000000000e+03
1.523000000000000131e+00 2.616000000000000000e+03
1.524999999999999911e+00 2.717000000000000000e+03
1.527000000000000135e+00 2.752000000000000000e+03
1.528999999999999915e+00 2.845000000000000000e+03
1.531000000000000139e+00 2.823000000000000000e+03
1.532999999999999918e+00 3.104000000000000000e+03
1.535000000000000142e+00 3.077000000000000000e+03
1.536999999999999922e+00 3.224000000000000000e+03
1.539000000000000146e+00 3.289000000000000000e+03
1.540999999999999925e+00 3.533000000000000000e+03
1.543000000000000149e+00 3.471000000000000000e+03
1.544999999999999929e+00 3.628000000000000000e+03
1.547000000000000153e+00 3.848000000000000000e+03
1.548999999999999932e+00 3.947000000000000000e+03
1.551000000000000156e+00 4.264000000000000000e+03
1.552999999999999936e+00 4.282000000000000000e+03
1.555000000000000160e+00 4.349000000000000000e+03
1.556999999999999940e+00 4.639000000000000000e+03
1.559000000000000163e+00 4.840000000000000000e+03
1.560999999999999943e+00 5.019000000000000000e+03
1.563000000000000167e+00 5.286000000000000000e+03
1.564999999999999947e+00 5.725000000000000000e+03
1.567000000000000171e+00 5.922000000000000000e+03
1.568999999999999950e+00 6.102000000000000000e+03
1.571000000000000174e+00 6.409000000000000000e+03
1.572999999999999954e+00 6.869000000000000000e+03
1.575000000000000178e+00 7.159000000000000000e+03
1.576999999999999957e+00 7.674000000000000000e+03
1.578999999999999959e+00 8.331000000000000000e+03
1.580999999999999961e+00 8.654000000000000000e+03
1.582999999999999963e+00 9.111000000000000000e+03
1.584999999999999964e+00 9.845000000000000000e+03
1.586999999999999966e+00 1.054300000000000000e+04
1.588999999999999968e+00 1.127600000000000000e+04
1.590999999999999970e+00 1.195600000000000000e+04
1.592999999999999972e+00 1.244700000000000000e+04
1.594999999999999973e+00 1.295300000000000000e+04
1.596999999999999975e+00 1.310900000000000000e+04
1.598999999999999977e+00 1.302700000000000000e+04
1.600999999999999979e+00 1.218900000000000000e+04
1.602999999999999980e+00 1.110500000000000000e+04
1.604999999999999982e+00 9.271000000000000000e+03
1.606999999999999984e+00 7.701000000000000000e+03
1.608999999999999986e+00 6.287000000000000000e+03
1.610999999999999988e+00 5.222000000000000000e+03
1.612999999999999989e+00 4.230000000000000000e+03
1.614999999999999991e+00 3.681000000000000000e+03
1.616999999999999993e+00 3.155000000000000000e+03
1.618999999999999995e+00 2.646000000000000000e+03
1.620999999999999996e+00 2.276000000000000000e+03
1.622999999999999998e+00 2.068000000000000000e+03
1.625000000000000000e+00 1.844000000000000000e+03
1.627000000000000002e+00 1.632000000000000000e+03
1.629000000000000004e+00 1.421000000000000000e+03
1.631000000000000005e+00 1.294000000000000000e+03
1.633000000000000007e+00 1.177000000000000000e+03
1.635000000000000009e+00 1.063000000000000000e+03
1.637000000000000011e+00 9.760000000000000000e+02
1.639000000000000012e+00 8.710000000000000000e+02
1.641000000000000014e+00 8.030000000000000000e+02
1.643000000000000016e+00 6.980000000000000000e+02
1.645000000000000018e+00 6.570000000000000000e+02
1.647000000000000020e+00 6.230000000000000000e+02
1.649000000000000021e+00 5.710000000000000000e+02
1.651000000000000023e+00 5.720000000000000000e+02
1.653000000000000025e+00 5.180000000000000000e+02
1.655000000000000027e+00 5.120000000000000000e+02
1.657000000000000028e+00 4.480000000000000000e+02
1.659000000000000030e+00 4.500000000000000000e+02
1.661000000000000032e+00 4.250000000000000000e+02
1.663000000000000034e+00 4.160000000000000000e+02
1.665000000000000036e+00 4.030000000000000000e+02
1.667000000000000037e+00 3.940000000000000000e+02
1.669000000000000039e+00 3.660000000000000000e+02
1.671000000000000041e+00 3.770000000000000000e+02
1.673000000000000043e+00 4.080000000000000000e+02
1.675000000000000044e+00 3.410000000000000000e+02
1.677000000000000046e+00 3.600000000000000000e+02
1.679000000000000048e+00 3.650000000000000000e+02
1.681000000000000050e+00 2.900000000000000000e+02
1.683000000000000052e+00 3.180000000000000000e+02
1.685000000000000053e+00 2.990000000000000000e+02
1.687000000000000055e+00 3.160000000000000000e+02
1.689000000000000057e+00 3.070000000000000000e+02
1.691000000000000059e+00 2.990000000000000000e+02
1.693000000000000060e+00 2.980000000000000000e+02
1.695000000000000062e+00 3.210000000000000000e+02
1.697000000000000064e+00 3.270000000000000000e+02
1.699000000000000066e+00 2.840000000000000000e+02
1.701000000000000068e+00 2.930000000000000000e+02
1.702999999999999847e+00 2.990000000000000000e+02
1.705000000000000071e+00 2.900000000000000000e+02
1.706999999999999851e+00 2.620000000000000000e+02
1.709000000000000075e+00 2.600000000000000000e+02
1.710999999999999854e+00 2.710000000000000000e+02
1.713000000000000078e+00 2.720000000000000000e+02
1.714999999999999858e+00 2.900000000000000000e+02
1.717000000000000082e+00 2.970000000000000000e+02
1.718999999999999861e+00 2.840000000000000000e+02
1.721000000000000085e+00 3.050000000000000000e+02
1.722999999999999865e+00 2.800000000000000000e+02
1.725000000000000089e+00 2.920000000000000000e+02
1.726999999999999869e+00 2.980000000000000000e+02
1.729000000000000092e+00 2.600000000000000000e+02
1.730999999999999872e+00 2.690000000000000000e+02
1.733000000000000096e+00 2.820000000000000000e+02
1.734999999999999876e+00 2.500000000000000000e+02
1.737000000000000099e+00 2.520000000000000000e+02
1.738999999999999879e+00 2.710000000000000000e+02
1.741000000000000103e+00 2.620000000000000000e+02
1.742999999999999883e+00 2.990000000000000000e+02
1.745000000000000107e+00 3.010000000000000000e+02
1.746999999999999886e+00 2.820000000000000000e+02
1.749000000000000110e+00 2.720000000000000000e+02
1.750999999999999890e+00 2.600000000000000000e+02
1.753000000000000114e+00 2.820000000000000000e+02
1.754999999999999893e+00 2.830000000000000000e+02
1.757000000000000117e+00 2.590000000000000000e+02
1.758999999999999897e+00 2.670000000000000000e+02
1.761000000000000121e+00 2.590000000000000000e+02
1.762999999999999901e+00 2.780000000000000000e+02
1.765000000000000124e+00 2.790000000000000000e+02
1.766999999999999904e+00 2.640000000000000000e+02
1.769000000000000128e+00 2.900000000000000000e+02
1.770999999999999908e+00 2.400000000000000000e+02
1.773000000000000131e+00 2.730000000000000000e+02
1.774999999999999911e+00 2.760000000000000000e+02
1.777000000000000135e+00 2.940000000000000000e+02
1.778999999999999915e+00 2.690000000000000000e+02
1.781000000000000139e+00 2.560000000000000000e+02
1.782999999999999918e+00 2.860000000000000000e+02
1.785000000000000142e+00 2.710000000000000000e+02
1.786999999999999922e+00 2.920000000000000000e+02
1.789000000000000146e+00 2.710000000000000000e+02
1.790999999999999925e+00 2.940000000000000000e+02
1.793000000000000149e+00 2.520000000000000000e+02
1.794999999999999929e+00 2.530000000000000000e+02
1.797000000000000153e+00 2.560000000000000000e+02
1.798999999999999932e+00 2.870000000000000000e+02
1.801000000000000156e+00 2.840000000000000000e+02
1.802999999999999936e+00 2.570000000000000000e+02
1.805000000000000160e+00 2.540000000000000000e+02
1.806999999999999940e+00 2.870000000000000000e+02
1.809000000000000163e+00 2.540000000000000000e+02
1.810999999999999943e+00 2.650000000000000000e+02
1.813000000000000167e+00 2.510000000000000000e+02
1.814999999999999947e+00 2.920000000000000000e+02
1.817000000000000171e+00 3.070000000000000000e+02
1.818999999999999950e+00 2.890000000000000000e+02
1.821000000000000174e+00 2.640000000000000000e+02
1.822999999999999954e+00 2.730000000000000000e+02
1.825000000000000178e+00 2.990000000000000000e+02
1.826999999999999957e+00 2.690000000000000000e+02
1.829000000000000181e+00 2.500000000000000000e+02
1.830999999999999961e+00 2.490000000000000000e+02
1.833000000000000185e+00 2.860000000000000000e+02
1.834999999999999964e+00 2.960000000000000000e+02
1.836999999999999966e+00 2.420000000000000000e+02
1.838999999999999968e+00 2.410000000000000000e+02
1.840999999999999970e+00 2.780000000000000000e+02
1.842999999999999972e+00 2.890000000000000000e+02
1.844999999999999973e+00 2.590000000000000000e+02
1.846999999999999975e+00 2.730000000000000000e+02
1.848999999999999977e+00 2.690000000000000000e+02
1.850999999999999979e+00 2.810000000000000000e+02
1.852999999999999980e+00 2.640000000000000000e+02
1.854999999999999982e+00 2.810000000000000000e+02
1.856999999999999984e+00 2.870000000000000000e+02
1.858999999999999986e+00 2.400000000000000000e+02
1.860999999999999988e+00 2.520000000000000000e+02
1.862999999999999989e+00 2.840000000000000000e+02
1.864999999999999991e+00 2.970000000000000000e+02
1.866999999999999993e+00 2.930000000000000000e+02
1.868999999999999995e+00 2.830000000000000000e+02
1.870999999999999996e+00 2.600000000000000000e+02
1.872999999999999998e+00 2.870000000000000000e+02
1.875000000000000000e+00 2.710000000000000000e+02
1.877000000000000002e+00 2.620000000000000000e+02
1.879000000000000004e+00 2.650000000000000000e+02
1.881000000000000005e+00 2.860000000000000000e+02
1.883000000000000007e+00 2.820000000000000000e+02
1.885000000000000009e+00 2.670000000000000000e+02
1.887000000000000011e+00 2.530000000000000000e+02
1.889000000000000012e+00 2.600000000000000000e+02
1.891000000000000014e+00 2.580000000000000000e+02
1.893000000000000016e+00 2.310000000000000000e+02
1.895000000000000018e+00 2.650000000000000000e+02
1.897000000000000020e+00 2.280000000000000000e+02
1.899000000000000021e+00 2.640000000000000000e+02
1.901000000000000023e+00 2.490000000000000000e+02
1.903000000000000025e+00 2.550000000000000000e+02
1.905000000000000027e+00 2.730000000000000000e+02
1.907000000000000028e+00 2.730000000000000000e+02
1.909000000000000030e+00 2.400000000000000000e+02
1.911000000000000032e+00 2.600000000000000000e+02
1.913000000000000034e+00 2.700000000000000000e+02
1.915000000000000036e+00 2.740000000000000000e+02
1.917000000000000037e+00 2.500000000000000000e+02
1.919000000000000039e+00 2.580000000000000000e+02
1.921000000000000041e+00 2.740000000000000000e+02
1.923000000000000043e+00 2.580000000000000000e+02
1.925000000000000044e+00 2.710000000000000000e+02
1.927000000000000046e+00 2.610000000000000000e+02
1.929000000000000048e+00 2.590000000000000000e+02
1.931000000000000050e+00 2.690000000000000000e+02
1.933000000000000052e+00 2.730000000000000000e+02
1.935000000000000053e+00 2.580000000000000000e+02
1.937000000000000055e+00 2.620000000000000000e+02
1.939000000000000057e+00 2.640000000000000000e+02
1.941000000000000059e+00 2.680000000000000000e+02
1.943000000000000060e+00 2.600000000000000000e+02
1.945000000000000062e+00 2.710000000000000000e+02
1.947000000000000064e+00 2.530000000000000000e+02
1.949000000000000066e+00 2.750000000000000000e+02
1.951000000000000068e+00 2.520000000000000000e+02
1.953000000000000069e+00 2.540000000000000000e+02
1.955000000000000071e+00 2.510000000000000000e+02
1.957000000000000073e+00 2.780000000000000000e+02
1.959000000000000075e+00 2.760000000000000000e+02
1.960999999999999854e+00 2.750000000000000000e+02
1.963000000000000078e+00 2.730000000000000000e+02
1.964999999999999858e+00 2.640000000000000000e+02
1.967000000000000082e+00 2.540000000000000000e+02
1.968999999999999861e+00 2.720000000000000000e+02
1.971000000000000085e+00 2.600000000000000000e+02
1.972999999999999865e+00 2.540000000000000000e+02
1.975000000000000089e+00 2.750000000000000000e+02
1.976999999999999869e+00 2.680000000000000000e+02
1.979000000000000092e+00 2.770000000000000000e+02
1.980999999999999872e+00 2.790000000000000000e+02
1.983000000000000096e+00 3.110000000000000000e+02
1.984999999999999876e+00 2.650000000000000000e+02
1.987000000000000099e+00 2.560000000000000000e+02
1.988999999999999879e+00 2.610000000000000000e+02
1.991000000000000103e+00 2.690000000000000000e+02
1.992999999999999883e+00 2.750000000000000000e+02
1.995000000000000107e+00 2.340000000000000000e+02
1.996999999999999886e+00 2.950000000000000000e+02
1.999000000000000110e+00 2.690000000000000000e+02
